12131
131
136
138
0
0
0
0
0
0
0
0
0
0
0
0
0
0
0
0
0
0
0
0
0
0
0
0
0
0
0
0
0
0
0
0
0
0
0
0
0
0
0
0
0
0
46
48
51
88
95
98
98
102
106
109
112
116
132
135
131
133
129
143
144
143
144
111
112
98
98
101
77
49
50
41
0
0
0
0
0
0
0
0
0
0
0
0
0
0
0
0
0
0
0
0
0
0
0
0
0
0
0
0
0
0
0
0
0
0
0
0
0
0
0
0
0
0
0
0
0
0
0
0
47
47
51
53
81
85
85
92
94
95
99
104
109
120
122
122
121
123
123
123
122
122
122
117
118
112
105
99
88
90
57
53
50
49
46
48
47
0
0
0
0
0
0
0
0
0
0
0
0
0
0
0
0
0
0
0
0
0
0
0
0
0
0
0
0
0
0
0
0
0
0
0
0
0
0
0
0
0
0
0
40
44
47
52
68
81
88
89
92
97
100
103
111
111
111
111
118
119
122
122
123
123
125
126
128
129
131
124
115
105
95
97
98
104
85
75
75
70
0
0
0
0
0
0
0
0
0
0
0
0
0
0
0
0
0
0
0
0
0
0
0
0
0
0
0
0
0
0
0
0
0
0
0
0
0
0
0
0
0
0
0
0
0
0
0
0
0
0
0
0
0
44
46
46
46
49
49
52
83
87
87
90
90
94
95
97
100
100
109
108
111
112
114
112
113
78
87
89
88
87
87
79
81
92
91
89
83
75
42
0
0
0
0
0
0
0
0
0
0
0
0
0
0
0
0
0
0
0
0
0
0
0
0
0
0
0
0
0
0
0
0
0
0
49
51
85
86
88
90
94
106
104
106
109
110
114
110
123
115
116
123
120
116
120
120
115
116
119
114
115
114
115
115
114
120
115
117
112
109
121
100
54
61
230
264
171
65
0
0
0
0
0
0
0
0
0
0
0
0
0
0
0
0
0
0
0
0
0
0
0
0
0
0
0
0
0
0
0
0
0