8
7
7
7
7
7
7
6
7
7
7
7
7
7
7
7
7
7
7
7
7
7
7
7
7
7
7
7
7
7
7
7
7
7
7
7
7
7
7
7
8
193
8
7
8
7
7
7
7
7
7
7
7
7
7
7
7
7
7
8
7
7
7
7
7
7
7
7
7
6
7
7
7
7
8
7
8
7
7
7
7
7
7
7
7
7
7
7
7
7
7
7
7
7
7
7
7
7
7
8
7
7
7
8
7
7
7
7
7
7
7
7
7
7
7
7
7
6
7
7
7
7
7
7
7
7
7
7
6
7
7
7
7
7
7
7
7
7
450
0
0
226
1
305
669
1015
1015
1015
1015
1015
1015
1015
1015
1015
1015
1015
1015
598
466
585
499
613
758
1023
1023
1023
1023
1023
1023
1015
1023
1023
1023
1023
1023
1023
1023
1023
749
310
203
225
366
539
1
0
0
0
0
0
0
0
1
1
0
0
0
0
0
0
0
0
0
0
0
0
0
0
0
1
1
67
1
1
23
81
55
10
0
0
0
32
25
0
0
0
1
0
0
0
1
2
0
0
2
1
0
0
0
2
2
0
0
0
486
400
334
356
1
0
0
0
0
0
0
1
0
0
0
0
2
159
298
279
270
303
109
0
0
0
0
0
269
251
228
274
316
0
30
0
1
0
0
0
0
0
0
0
0
0
0
0
0
0
1
1
0
1
1
1
1
0
1
1
1
0
0
0
0
0
0
0
0
1
0
0
0
1
0
0
1
0
0
0
1
1
0
0
1
0
0
0
0
0
0
0
1
0
0
1
55
160
117
112
163
48
0
0
0
0
0
0
0
0
0
0
0
107
1
102
0
0
0
0
57
182
286
274
239
240
236
184
179
164
132
119
180
198
192
195
197
219
268
0
0
0
0
0
0
0
172
245
227
190
190
206
206
203
202
210
204
225
198
217
190
180
195
203
187
199
208
217
223
209
201
198
224
233
256
266
51
0
0
0
0
0
0
84
161
150
124
117
127
115
147
160
164
150
138
144
145
146
156
179
204
156
157
149
147
151
82
131
118
107
121
140
122
139
170
156
59
0
1
1
0
0
0
0
0
0
0
50
59
10
8
30
49
52
62
66
78
0
0
0
0
0
0
0
0
0
47
52
0
0
9
55
1
0
0
1
1
0
0
0
0
0
0
0
0
0
0
0
0
0
0
0
0
0
0
0
0
0
0
0
0
0
0
0
0
0
0
0
0
0
0
0
0
0
0
0
0
0
0
1
0
0
0
0
1
1
0
0
0
0
0
0
0
0
0
0
98
0
0
0
0
0
0
1
1
0
0
0
0
0
0
0
0
0
0
0
0
0
0
0
0
0
0
1
1
0
1
1
0
0
0
0
2
0
1
0
0
0
0
0
0
621
0
0
0
1
0
0
0
0
0
121
472
1023
1023
1023
1023
1023
1023
768
722
359
205
162
0
0
0
0
0
0
1
0
0
0
0
0
0
0
0
0
0
1
0
0
0
0
0
0
0
0
0
0
0
0
0
54
68
223
233
186
82
74
48
78
233
303
390
466
474
483
738
792
836
864
904
916
978
975
759
0
0
1
0
0
0
0
0
1
0
0
0
1
1
0
0
0
1
1
1
0
0
0
0
0
0
0
0
0
0
0
0
0
0
0
0
0
0
0
0
0
0
0
0
0
0
1
0
0
0
0
0
0
0
0
0
0
0
0
0
2
0
0
0
0
0
1
1
0
0
0
0
0
0
0
0
0
0
0
0
0
0
0
1
0
0
0
1
0
0
0
0
0
0
1
0
0
0
0
0
0
0
0
0
0
0
0
1
0
0
0
0
0
0
0
0
0
0
0
0
0
0
0
1
0
1
0
0
0
0
0
0
1
0
0
0
0
0
0
0
0
1
0
0
0
0
0
1
0
0
0
1
0
0
0
0
0
0
0
0
3
1
0
0
0
0
0
0
0
0
0
0
0
0
0
0
0
0
1
0
2
0
0
0
1
1
0
0
0
0
0
0
0
0
0
1
0
0
0
0
0
0
0
0
0
0
0
0
0
0
0
0
0
0
0
0
0
2
0
0
0
0
0
0
0
0
0
0
0
0
0
0
1
0
1
1
0
0
1
1
0
0
0
0
0
0
0
0
0
0
0
1
0
0
0
0
1
0
0
0
0
0
0
1
0
0
1
0
0
0
0
0
0
0
0
0
0
0
0
0
0
0
0
0
1
1
1
0
0
0
0
0
0
0
0
0
0
0
0
0
0
0
1
0
0
0
0
0
0
0
0
0
0
0
0
1
0
0
0
1
0
0
0
1
0
0
0
0
0
0
0
0
0
0
0
0
0
0
0
0
0
0
0
0
0
0
1
0
0
1
0
0
0
0
0
0
0
0
0
0
1
0
0
0
0
0
0
0
0
0
0
0
0
0
0
0
0
0
0
0
1
0
0
0
0
0
1
0
0
1
0
0
0
0
0
0
0
1
1
1
0
0
0
0
0
0
0
0
0
1
0
2
1
0
0
0
0
0
0
0
0
1
0
0
0
0
0
0
0
0
0
0
0
0
0
0
0
0
0
0
0
0
0
2
1
0
1
0
0
0
0
0
0
0
0
0
0
2
0
0
0
0
0
0
0
1
0
0
0
0
0
0
0
0
0
0
0
0
0
0
1
0
0
0
0
0
0
0
0
0
0
1
1
0
0
0
0
1
0
0
1
0
0
0
1
0
0
1
0
0
2
0
0
0
1
0
2
0
0
0
0
0
1
0
0
0
0
0
0
0
1
0
0
0
0
0
0
0
0
0
0
9
10
8
9
9
8
9
9
8
7
9
9
8
9
9
9
8
10
9
9
9
9
9
8
9
9
8
9
9
9
9
8
10
9
9
9
6
9
7
7
10
9
8
8
8
9
8
7
8
8
8
9
8
8
8
9
9
9
8
9
8
8
9
9
7
7
7
7
7
7
7
7
7
7
7
7
7
7
7
7
7
8
7
7
4
9
9
9
4
7
8
7
7
5
8
8
8
8
7
8
9
8
6
7
8
7
7
7
8
7
5
8
7
7
7
7
6
7
7
7
7
7
7
7
7
1011
1016
1017
1017
1017
1017
1017
1016
1016
1017
1016
1016
1017
1017
1018
1014
1017
1017
1017
1017
1017
1017
1016
1016
1017
1017
1017
1016
1016
1018
1017
1019
1017
1017
1017
1016
1015
1017
1017
1017
1017
1017
1016
1017
1016
1017
1017
1018
1017
1017
1016
1016
1016
1017
1017
1017
1017
1017
1017
1016
1017
1015
1017
1016
9
9
8
8
8
9
9
9
8
9
8
8
5
4
6
6
6
5
5
5
7
9
6
7
6
9
9
8
9
7
6
5
7
6
8
7
7
7
5
8
9
8
6
5
5
6
5
7
7
8
10
9
9
8
9
8
6
6
7
5
6
7
5
5
7
7
6
8
5
7
6
7
6
8
7
6
6
5
7
3
5
8
5
5
6
6
6
6
5
5
6
8
10
5
5
5
5
8
6
9
7
6
7
5
7
7
9
7
10
9
8
11
8
8
9
8
9
8
8
8
9
9
6
9
8
7
8
8
8
11
9
10
9
8
9
9
9
8
8
11
8
9
8
8
8
9
9
10
9
10
9
9
8
9
9
9
10
9
9
11
8
8
9
8
9
10
9
10
9
9
9
9
9
9
9
9
9
9
10
9
10
8
9
9
10
9
9
9
11
9
8
9
9
10
9
9
9
9
8
8
9
8
11
8
9
9
9
9
7
8
8
9
9
8
9
9
10
10
9
9
8
8
1016
1018
1016
1017
1018
1016
1017
1016
1016
1016
1018
1017
1021
1020
1020
1019
1018
1016
1020
1020
1019
1017
1019
1017
1020
1020
1018
1017
1018
1018
1015
1017
1017
1017
1017
1017
1017
1016
1018
1017
1018
1016
1017
1017
1017
1018
1017
1017
1018
1016
1014
1016
1016
1017
1017
1016
1017
1018
1019
1019
1018
1016
1015
1017
1018
1016
1019
1019
1020
1018
1017
1017
1017
1018
1017
1017
1017
1017
1016
1022
1018
1019
1018
1017
1016
1019
1018
1018
1020
1020
1016
1017
1017
1019
1020
1019
1017
1017
1019
1019
1018
1017
1018
1018
1019
1019
1019
1020
1018
1021
1019
774
774
773
1020
1019
1017
772
773
773
773
773
773
772
774
773
772
774
772
774
770
741
707
664
618
550
6
4
1
1
0
1
0
2
1
0
0
0
0
0
0
3
6
7
7
7
8
7
7
8
7
7
9
8
8
8
5
7
7
7
6
6
5
5
1
0
0
0
0
0
0
0
0
0
0
0
0
0
0
1
0
0
0
0
0
0
0
0
0
0
0
0
0
1
0
0
0
0
0
0
0
0
0
0
0
0
0
0
0
1
0
0
0
0
0
0
0
1
0
0
1
0
0
1
0
3
2
3
3
4
5
5
5
6
5
5
8
6
6
6
7
6
6
6
6
6
6
6
6
6
7
9
5
6
6
7
6
6
5
7
6
6
6
5
6
7
6
5
6
888
941
945
870
539
7
6
6
7
6
7
2
5
6
6
5
5
6
9
6
6
6
5
6
6
6
1023
870
536
7
6
7
6
4
6
6
5
6
7
6
5
6
7
7
5
7
9
6
6
9
923
1013
1008
603
603
604
603
602
603
603
604
602
603
603
603
603
603
603
603
603
602
603
603
604
603
601
603
603
602
603
603
603
603
603
603
604
602
603
603
603
603
602
602
602
602
602
602
604
604
603
603
603
603
602
603
602
603
602
603
602
602
601
601
604
603
603
603
603
603
602
603
602
603
604
602
604
602
602
602
601
605
603
603
603
603
603
602
602
605
603
603
602
603
602
603
603
603
603
602
603
603
605
606
602
603
602
602
602
604
603
602
603
605
603
604
603
602
603
603
602
603
603
603
603
602
603
603
603
601
601
602
602
602
602
603
603
603
603
604
603
602
603
600
602
602
604
602
603
602
602
603
603
602
604
601
602
603
602
939
1023
1023
1023
1023
1023
603
603
602
603
602
1023
1023
1023
603
604
603
602
602
603
602
603
603
603
602
601
590
580
8
2
1
0
0
0
0
0
1
0
0
0
3
5
6
7
7
7
7
7
8
8
7
10
8
8
8
7
9
7
7
7
9
8
7
8
7
7
5
5
8
8
8
8
8
7
7
7
8
8
8
859
1023
1023
772
772
773
773
773
772
773
772
772
771
771
772
773
772
773
773
1023
962
772
944
773
772
947
773
775
772
1023
773
772
772
773
773
773
773
772
773
772
772
772
772
772
772
774
772
769
762
761
761
762
760
753
744
744
744
743
735
731
722
720
721
719
708
706
706
706
701
696
695
692
688
685
681
678
675
669
665
662
659
658
654
648
644
640
635
630
631
632
631
631
631
632
631
631
631
632
631
630
631
631
631
631
632
633
630
635
632
632
632
632
630
631
629
632
631
631
631
631
633
631
631
631
630
632
629
630
631
631
631
9
7
7
6
7
7
8
7
7
7
7
8
7
6
7
7
7
4
7
5
7
6
7
5
7
6
6
5
7
1023
1023
1023
1023
1023
973
959
826
977
855
631
630
633
631
632
917
836
630
631
631
632
632
631
631
630
1023
631
632
631
1023
630
630
630
631
630
631
630
631
630
631
631
631
632
631
631
631
633
631
631
631
629
630
631
631
631
631
632
631
631
630
631
630
631
632
631
630
631
629
631
629
631
631
630
631
631
631
631
631
631
629
631
631
631
630
631
1023
1023
632
630
631
631
630
629
631
631
631
631
630
632
628
629
630
631
630
630
631
631
631
631
630
630
631
631
631
629
631
632
631
631
631
631
631
630
630
631
630
631
631
631
632
631
629
631
631
630
631
631
631
630
630
631
631
631
630
631
630
629
629
632
631
631
630
630
631
630
630
630
630
629
633
630
628
630
630
630
631
623
597
568
537
8
7
5
5
5
4
3
4
3
3
2
0
1
2
0
0
0
0
0
0
0
0
0
1
1
0
0
1
0
0
0
0
0
2
0
0
1
0
0
0
0
0
0
0
2
0
0
0
0
0
0
1
0
0
0
0
1
0
0
0
0
1
979
1023
1023
1023
0
0
1
0
0
1023
1023
1023
1023
0
2
1
0
1
0
1
0
0
0
0
0
0
388
716
793
820
626
0
0
0
1
0
0
0
0
1
0
0
0
0
0
0
1
0
0
0
1
0
0
0
1
0
0
0
1
0
0
0
0
2
0
0
292
271
206
25
370
225
266
291
227
182
76
210
143
169
120
233
319
386
389
388
448
443
438
552
564
785
982
946
978
1021
1023
1023
908
885
974
1023
1023
1023
1023
1023
1023
561
0
0
0
0
0
0
164
0
1
0
0
164
153
382
547
741
754
739
640
331
355
313
149
39
132
119
93
98
229
198
93
20
52
314
368
476
760
971
1023
1023
1023
1023
1023
1023
791
70
1
0
0
0
73
196
223
362
475
406
365
447
493
577
601
632
633
635
630
637
636
637
630
629
630
636
631
636
642
566
624
646
674
666
656
675
689
356
189
311
0
0
0
0
0
0
0
222
139
82
0
0
0
47
49
108
159
84
0
1
0
0
80
0
0
2
47
1
0
181
640
663
146
816
758
308
290
654
756
952
748
541
98
237
395
482
359
397
0
0
0
0
0
0
2
0
0
0
0
0
0
0
0
0
0
1
0
0
0
1
1
0
0
0
0
200
111
59
77
130
143
75
0
0
0
0
1
0
0
88
162
108
112
147
3
0
0
0
2
0
19
105
70
75
73
82
80
79
100
76
1
0
2
1
0
0
0
1
34
79
96
110
116
109
95
104
91
102
105
1
0
0
0
0
1
0
0
0
0
0
0
0
0
0
0
0
0
1
1
0
1
1
0
0
0
1
0
1
1
1
1
1
1
1
2
3
4
5
4
4
4
3
3
3
3
700
734
599
669
724
389
4
3
2
4
5
3
4
5
3
473
450
468
449
464
397
4
4
4
4
3
222
328
334
332
4
5
4
4
3
4
3
3
335
197
3
3
3
373
4
4
3
3
4
4
5
4
4
5
5
5
5
5
6
6
420
6
4
5
4
6
6
5
278
5
4
5
5
5
5
4
8
5
4
264
225
6
5
5
5
6
4
284
5
4
4
0
0
0
0
0
0
0
0
0
1
0
0
0
0
0
1
0
0
0
0
0
0
0
1
1
0
0
0
0
0
0
0
0
0
0
0
0
0
0
0
0
0
0
0
0
0
0
0
1
0
0
1
0
0
0
0
0
0
0
0
1
0
0
0
0
0
0
0
0
0
0
1
1
0
0
1
0
0
0
0
0
0
0
0
1
0
0
0
0
1
0
0
0
0
1
2
3
3
4
3
5
3
6
4
2
4
4
4
308
2
3
5
3
3
3
89
3
3
254
173
4
3
3
3
3
4
215
334
4
2
4
356
361
354
4
3
96
353
342
4
4
4
3
4
3
3
197
295
321
291
329
334
340
323
280
4
3
177
4
3
4
3
4
4
3
4
3
5
3
4
5
4
4
3
3
3
4
3
3
4
3
3
4
4
4
5
3
4
4
4
3
4
4
3
4
3
4
3
4
902
227
4
3
4
4
944
432
5
3
3
4
3
4
4
4
5
2
3
4
3
4
3
3
3
4
4
4
3
3
3
4
3
3
4
3
3
5
4
4
2
3
3
2
4
5
4
3
5
4
4
4
4
3
4
4
4
3
5
3
3
5
4
4
4
4
4
4
4
3
4
4
3
3
3
4
4
3
6
3
3
4
4
3
4
4
3
3
3
4
3
2
4
4
3
4
2
3
4
4
3
4
3
2
4
3
3
3
4
3
5
3
5
3
3
3
3
3
3
3
4
4
4
3
4
4
1
3
3
4
3
3
4
4
4
4
4
3
3
3
4
3
3
4
3
4
4
3
3
3
4
3
3
3
4
3
4
3
3
6
4
4
3
4
3
4
4
2
4
4
3
3
3
4
3
3
4
4
4
3
3
3
3
3
3
4
5
3
4
2
4
3
4
3
4
4
3
3
4
5
4
3
3
3
4
4
3
3
3
4
4
3
3
3
3
4
4
2
4
4
3
3
4
4
5
3
3
3
3
4
3
3
4
4
3
3
3
2
6
4
3
4
5
4
4
5
4
6
3
5
4
4
4
2
4
3
4
4
4
3
4
3
3
5
5
4
4
5
2
4
4
3
3
3
3
2
5
3
4
4
4
4
4
5
4
4
4
3
4
4
4
4
3
3
4
4
3
4
5
4
3
4
5
6
3
3
4
4
3
3
3
4
3
4
4
3
3
3
3
4
4
4
3
4
3
4
3
3
4
3
4
4
1
4
4
3
3
3
3
4
3
2
3
6
4
4
4
3
4
2
3
3
3
4
3
3
4
4
4
4
3
4
4
3
2
4
3
4
3
4
3
4
4
3
4
6
3
3
4
3
4
3
4
3
4
3
4
3
4
3
3
5
3
3
5
3
3
3
3
2
4
4
4
4
4
4
4
3
4
1
2
5
3
4
4
3
2
4
3
3
4
4
4
4
3
4
4
3
3
3
4
4
5
3
4
4
4
6
3
5
3
3
3
3
4
4
3
3
3
4
3
4
3
3
3
4
4
3
4
4
4
3
4
3
3
4
4
5
3
3
3
4
3
3
4
4
3
4
3
4
3
2
3
3
3
4
3
3
3
3
4
4
4
3
4
5
7
5
3
5
3
4
3
4
3
4
2
4
5
3
3
3
3
5
3
3
0
4
3
3
3
4
4
4
6
3
4
3
5
6
4
3
4
3
4
5
3
3
4
3
3
4
4
4
4
4
3
3
3
3
3
3
2
4
3
5
4
3
4
2
4
4
3
3
3
4
5
3
4
3
3
5
4
3
4
3
4
3
3
4
3
3
3
2
4
3
3
3
3
3
4
3
3
4
4
5
4
4
3
4
2
4
5
4
3
4
4
4
4
4
3
4
3
3
4
4
2
4
3
4
3
3
3
3
3
3
3
3
4
4
4
4
4
3
4
3
3
4
3
4
4
3
5
4
3
3
3
3
3
3
3
3
6
4
3
4
4
3
3
4
4
3
3
3
5
6
4
4
3
4
4
4
4
3
3
3
4
3
4
4
2
4
4
3
3
4
4
7
4
4
3
3
3
4
4
4
4
4
3
4
3
3
4
4
2
3
3
2
4
4
7
2
3
4
3
4
3
4
3
3
4
3
4
3
4
4
7
3
3
1
3
5
4
3
4
3
5
3
3
3
1
4
4
3
3
3
3
4
4
6
3
4
4
3
4
3
3
3
4
4
3
4
4
4
2
4
3
4
1
4
3
3
3
3
3
3
4
4
4
4
4
4
3
4
4
3
4
4
4
3
3
3
4
3
3
4
4
3
4
3
3
3
4
3
4
3
4
4
3
4
5
4
4
4
3
3
4
4
4
4
4
2
4
3
6
3
3
3
3
5
2
3
3
4
4
3
4
3
3
3
2
4
3
3
4
4
3
3
3
4
2
3
4
4
4
3
3
3
3
3
3
3
4
3
3
4
3
3
3
4
4
4
6
4
4
4
3
4
4
3
4
3
4
5
3
3
3
4
3
8
3
3
4
4
3
6
3
3
4
3
5
4
2
3
2
3
3
3
4
7
3
4
3
4
4
4
3
3
3
4
3
3
4
3
3
3
3
4
4
4
3
4
4
2
4
3
4
4
3
3
3
3
5
3
3
4
3
1
4
3
3
4
5
3
4
4
3
4
4
3
3
4
3
3
2
3
5
4
3
3
4
3
2
3
3
2
4
3
3
5
4
4
3
4
4
3
4
3
4
4
6
3
3
3
3
4
4
5
3
6
3
4
3
4
5
3
3
2
4
3
4
3
5
4
3
3
3
3
4
2
3
4
5
2
4
4
4
3
4
3
3
4
3
4
5
5
2
3
4
3
3
4
3
4
3
4
1
4
3
3
3
4
4
4
4
4
3
3
2
4
4
3
3
2
3
4
4
3
3
3
4
2
3
4
3
3
4
3
5
4
3
2
4
5
3
3
4
4
3
3
4
4
4
4
5
4
4
2
3
3
3
3
3
3
4
3
4
3
3
2
6
3
3
3
4
3
4
4
4
4
4
3
4
3
4
4
3
4
3
4
3
3
3
3
4
2
4
4
4
3
5
3
3
3
2
3
3
3
4
3
3
4
2
4
2
3
4
5
4
4
3
4
4
3
4
4
1
3
3
3
2
3
5
4
4
3
2
5
3
5
4
3
4
3
3
3
4
3
5
4
4
3
3
5
3
1
2
3
3
4
4
3
3
3
3
4
3
4
4
3
4
4
5
6
3
3
4
4
3
5
4
2
3
4
3
4
4
5
3
3
3
4
4
3
3
3
4
4
3
4
4
4
3
4
3
3
3
3
4
3
3
3
3
3
4
4
3
4
4
3
4
3
3
3
2
3
4
3
4
4
3
4
4
2
4
4
4
5
3
5
3
4
3
3
4
3
5
3
4
5
4
2
3
3
5
4
4
3
4
3
3
4
3
3
5
5
2
3
2
4
4
3
4
3
4
4
4
3
3
3
4
3
4
3
4
3
3
3
3
3
3
3
4
4
5
3
4
3
4
5
3
3
4
3
3
3
4
3
3
3
3
4
3
5
2
4
4
3
3
4
3
3
4
4
3
3
3
4
4
4
3
3
4
3
4
5
4
4
4
4
3
4
3
4
3
3
3
3
4
4
4
4
3
2
3
3
4
3
3
5
3
3
3
4
3
4
5
4
3
3
3
4
3
4
4
8
4
5
4
2
4
4
6
4
3
3
3
4
3
3
3
3
4
3
4
3
3
4
4
3
5
3
4
4
3
2
3
3
3
4
4
4
3
3
3
3
3
2
5
4
4
3
4
3
2
4
4
3
3
3
3
3
3
3
3
3
3
3
5
3
4
3
4
3
3
4
3
3
3
4
4
4
4
4
4
3
4
3
3
6
3
6
3
3
4
4
5
3
3
3
4
4
3
4
3
3
3
3
3
3
3
3
3
4
4
3
3
4
3
4
3
4
7
3
6
3
4
5
3
3
6
4
1
3
3
3
6
2
3
3
4
3
4
3
3
5
3
3
3
3
6
3
3
3
4
3
4
3
4
6
3
3
4
3
3
7
2
4
5
7
3
4
4
6
3
3
3
4
3
3
3
3
3
5
3
4
6
2
3
3
4
4
3
4
3
4
3
4
3
3
4
3
3
3
3
3
4
4
3
3
4
2
4
4
3
4
4
3
4
4
4
3
4
6
3
4
3
4
4
3
3
3
3
2
3
3
3
3
5
3
3
4
4
5
5
2
2
4
1
3
3
3
4
4
4
3
3
3
3
4
4
1
4
6
3
4
4
4
4
3
3
4
2
4
3
3
5
4
4
2
3
3
3
3
4
3
7
4
3
3
3
3
3
5
3
3
3
3
4
3
3
3
4
3
3
3
3
4
3
3
5
4
4
3
4
3
2
6
3
3
3
4
6
4
4
3
4
4
5
3
4
4
2
4
3
4
4
3
3
3
4
0
3
4
3
3
4
2
4
4
3
3
3
3
3
3
4
3
3
4
3
2
4
4
4
6
3
4
5
4
3
3
3
3
4
4
4
4
3
3
3
6
4
4
3
3
3
3
4
3
4
3
3
3
4
4
4
6
4
3
3
4
4
3
3
3
3
4
3
2
4
3
4
3
4
4
3
3
4
4
3
3
5
1
4
3
3
3
3
4
3
3
4
4
3
3
4
5
5
3
4
4
4
4
3
4
3
3
3
4
4
4
3
3
4
4
4
3
4
3
3
3
2
4
4
3
4
3
5
4
3
3
3
4
3
4
3
3
3
4
3
4
2
3
3
4
4
4
3
3
3
3
4
3
4
5
3
2
5
3
4
4
3
3
3
4
3
5
3
4
3
3
5
4
3
3
3
3
3
3
6
3
4
3
3
3
3
7
3
4
3
2
3
6
2
4
3
3
2
4
3
3
3
4
4
6
2
3
3
3
4
4
4
4
2
7
3
4
3
3
4
4
3
6
4
2
4
3
4
3
3
3
2
3
3
3
4
3
3
5
3
3
3
4
4
3
4
3
3
4
3
4
4
3
3
4
4
4
3
4
4
4
4
3
4
3
6
4
3
3
5
3
3
4
3
3
3
4
3
3
3
5
4
4
3
5
3
4
5
3
4
3
4
3
3
4
4
2
5
3
3
3
3
4
2
4
3
4
4
3
4
3
3
4
4
4
4
5
3
3
3
4
4
4
3
5
5
3
4
3
2
3
3
2
4
4
3
2
3
4
3
4
4
3
3
3
3
3
4
4
4
3
4
3
4
4
4
3
4
6
2
3
3
638
1023
1023
1023
942
1023
5
5
3
4
4
3
5
5
4
4
4
4
4
3
5
3
4
3
4
18
860
349
4
3
387
409
4
4
4
3
3
3
3
5
154
1023
1023
5
4
4
3
4
5
1023
1023
1023
71
3
3
4
4
3
44
850
890
618
6
3
4
3
3
4
4
3
3
3
2
4
3
3
4
3
3
4
3
3
2
4
3
4
3
5
4
4
3
3
5
4
4
4
3
2
3
3
4
4
4
4
4
2
4
4
3
3
4
6
5
4
4
4
3
4
2
809
957
1023
1023
935
1023
1023
1023
5
870
1023
22
770
1023
1023
1023
5
3
2
3
3
3
3
510
1023
1023
6
3
1023
1023
5
4
3
4
3
4
3
4
4
4
4
3
740
281
4
4
2
3
3
5
3
3
38
1023
1023
1023
1023
332
5
4
4
3
3
212
1023
1023
1023
279
4
6
4
3
5
2
4
67
147
23
66
4
4
3
377
4
1023
4
4
3
3
3
4
4
3
3
3
4
4
4
3
4
3
5
2
2
3
3
3
6
3
5
3
4
4
4
4
3
1
4
4
4
3
3
4
3
2
3
4
4
3
3
5
4
4
3
4
4
5
5
3
4
2
4
3
4
4
4
3
3
4
4
3
3
4
2
3
3
4
3
3
2
3
3
4
6
3
4
4
3
2
4
3
3
4
3
5
3
3
4
3
3
3
3
4
4
4
4
3
3
4
2
4
3
4
7
4
4
3
2
4
4
4
4
4
3
1
3
3
4
4
4
3
4
3
4
3
3
3
4
3
4
4
4
3
3
4
2
4
4
4
4
3
2
3
4
3
4
4
3
3
3
3
4
3
3
3
3
3
4
3
4
3
3
4
3
3
5
3
3
3
4
4
2
4
4
3
4
3
3
3
5
4
3
3
3
4
4
4
4
3
4
3
8
4
3
3
3
3
3
4
4
5
4
3
3
3
2
3
4
3
3
4
4
4
3
3
3
3
3
6
4
4
1
4
4
4
3
3
2
4
4
4
3
5
3
4
4
3
5
4
3
4
558
4
2
3
4
4
1023
1023
1023
1023
1023
1023
1023
1023
1023
1023
1023
1023
6
3
1023
1023
1023
908
247
235
93
160
184
9
4
4
4
3
478
5
4
3
3
3
2
4
3
3
4
4
4
1023
1023
1023
1023
1023
1023
1023
1023
1023
1023
645
590
1023
288
1023
1023
985
1023
1023
1023
1023
1023
1023
1023
4
8
2
3
1023
1023
1023
1023
1023
1023
1023
1023
1023
1023
1023
1023
1023
1023
1023
1023
1023
1023
1023
1023
1023
1023
1023
1023
1023
1023
1023
1023
1023
1023
1023
1023
1023
1023
1023
1023
1023
1023
1023
1023
1023
1023
1023
1023
1023
1023
1023
1023
1023
1023
1023
1023
1023
1023
1023
1023
1023
1023
1023
1023
1023
1023
1023
1023
1023
1023
1023
1023
1023
1023
1023
1023
1023
1023
1023
1023
1023
1023
1023
1023
1023
1023
1023
1023
1023
1023
1023
1023
1023
1023
1023
1023
1023
1023
1023
1023
1023
1013
965
4
67
8
928
1020
1023
1023
1023
1023
1023
1023
1023
1023
1023
1023
1023
1023
1023
1023
1023
1023
1023
1023
1023
1023
1023
1023
1023
1023
1023
1023
1023
1023
1023
1023
1023
1023
1023
1023
1023
1023
1023
1023
1023
1023
1023
1023
1023
1023
1023
1023
1023
1023
1023
1023
1023
1023
1023
1023
1023
1023
1023
1023
1023
0
0
0
0
0
0
0
0
1023
1023
1023
1023
1023
1023
1012
0
1
0
0
0
0
1
0
0
0
0
0
0
1
0
0
1
0
0
1
0
1
1
1
0
2
1
1
2
60
1023
1023
1023
1023
1023
1023
1023
1023
1023
1023
1023
1019
1010
1019
1023
904
466
47
0
0
0
0
1
2
0
1
1
0
0
1
1
0
0
0
0
0
0
0
1
0
0
0
0
1
0
0
0
1
1
0
0
0
0
0
0
0
0
0
0
0
0
0
0
0
1
0
0
0
0
0
0
0
0
0
1
0
1
0
0
1
1
1
1
1
1
1
0
1
1
1
0
2
1
1
0
0
0
1
0
0
1
0
0
1
0
0
0
0
0
0
0
0
1
1
1
1
0
1
2
0
0
0
0
0
2
0
1
0
0
1
1
1
1
0
0
1
1
2
2
1
1
0
1
1
0
1
0
2
1
0
1
1
1
0
0
0
0
1
1
1
2
1
2
1
1
1
1
2
2
3
4
4
5
2
2
3
5
9
7
6
7
6
2
2
2
6
8
9
9
4
2
1
2
4
5
4
2
0
1
0
0
1
0
1
1
0
0
1
0
0
1
1
1
0
0
0
0
0
0
0
0
0
1
0
0
0
0
0
0
0
0
0
0
0
1
2
4
3
0
0
0
0
1
0
0
0
0
1
0
0
0
2
0
1
4
4
3
0
0
1
4
5
5
5
5
4
0
0
1
1
1
0
0
0
0
0
0
0
1
0
1
0
0
0
0
0
0
0
0
0
0
2
1
2
2
2
2
1
0
0
0
0
0
0
0
0
0
0
0
0
0
0
0
0
0
0
0
0
0
0
2
0
0
1
0
0
0
0
0
0
0
0
0
0
0
0
0
1
0
0
0
0
0
0
0
0
0
1
0
0
0
0
0
0
0
0
1
1
0
0
0
0
0
1
0
0
0
0
0
0
0
0
0
0
0
0
1
0
0
0
0
0
0
0
0
0
1
0
0
0
0
0
0
0
0
0
0
1
0
0
0
0
0
0
0
0
0
0
1
0
0
0
0
0
0
0
0
0
0
0
0
0
0
0
0
0
0
0
0
0
0
0
0
0
0
0
1
1
0
0
1
0
0
0
0
0
1
0
0
0
0
0
0
0
0
0
0
0
0
0
0
0
0
0
0
0
0
1
0
0
1
0
0
0
0
0
1
0
0
0
0
0
0
0
0
0
0
0
0
0
0
0
0
0
0
0
0
0
0
0
0
0
1
0
1
0
1
0
0
0
0
0
0
1
1
0
0
1
0
0
0
0
0
0
0
0
0
0
0
0
0
0
1
1
0
0
1
0
0
0
0
1
0
0
0
0
0
1
0
0
0
0
0
0
0
0
0
1
0
1
0
0
0
1
0
0
0
0
1
0
0
0
0
0
0
0
0
0
0
0
0
0
0
1
0
0
0
0
1
1
0
0
0
0
0
0
0
0
0
0
0
0
0
0
0
0
0
0
0
0
0
0
0
0
0
0
0
0
0
0
0
0
0
0
1
0
0
0
0
0
0
0
0
0
0
0
0
0
0
0
0
0
0
0
0
0
0
0
0
0
0
1
0
0
0
0
0
0
0
0
0
0
0
0
0
0
1
0
0
0
0
0
0
1
1
0
0
0
0
0
0
0
1
0
0
0
0
0
0
0
0
0
0
0
0
0
0
1
0
0
0
1
1
0
0
1
2
4
7
9
11
9
1
0
0
0
5
10
11
12
11
4
1
0
0
1
0
0
0
0
0
0
0
1
0
0
0
0
0
0
0
1
0
0
0
0
0
0
0
0
1
1
48
965
1023
1023
648
2
1
2
2
88
126
622
1023
1023
1023
1023
1023
28
1
2
2
4
2
805
1023
1023
1023
174
2
1
2
2
757
1023
1023
1023
1023
1023
945
2
1
2
739
1023
1023
1023
1023
1023
770
5
3
1
89
991
1023
1023
720
3
2
2
1
173
943
1023
1023
1023
1023
920
620
104
2
67
175
107
349
656
435
62
115
192
251
266
716
320
2
3
4
2
1
2
2
454
855
832
653
812
972
993
921
931
877
994
221
3
2
771
3
2
2
1
2
2
2
2
288
2
2
2
3
2
2
2
1023
1023
1023
1023
278
2
2
2
3
4
4
160
463
987
981
968
1013
1023
1023
1023
1023
1023
1023
1023
1023
830
278
2
3
2
2
0
2
3
2
3
2
2
2
3
2
3
2
2
3
204
338
380
669
641
646
667
686
710
164
2
2
3
2
3
2
350
1023
1023
1023
1023
1023
1023
1023
1023
895
858
881
886
891
849
641
3
2
2
3
2
2
2
2
2
2
2
2
3
921
885
898
958
1017
1023
1023
1020
1023
1023
1023
880
878
936
1023
1023
1023
1023
1023
1023
1023
1023
1023
1023
1023
1023
1023
1023
1023
1023
1023
1023
1023
1023
1023
1023
1023
1023
1023
1023
378
3
2
3
417
899
1019
894
856
639
900
931
827
748
794
772
818
872
816
827
870
600
603
303
412
1023
1023
1023
1023
1023
1023
1023
1023
1023
1023
1023
1023
1023
1023
1023
1023
823
810
724
3
2
1
4
856
990
1021
1023
1022
1018
972
977
856
701
772
825
843
802
786
775
766
770
769
773
761
776
768
840
922
1023
1023
1023
1023
1023
1023
1023
1023
1023
1023
1023
1023
1023
1023
1023
1023
1023
1023
1023
1023
1023
1023
1023
1023
1023
1023
1023
1023
1023
1023
1023
1023
1023
1023
1023
1023
1023
1023
1023
1023
1023
1023
1023
1023
1023
1023
1023
1023
1023
1023
1023
1023
1023
1023
1023
1023
1023
1023
1023
1023
1023
1023
1023
1023
1023
1023
1023
1023
1023
1023
1023
1023
1023
1023
1023
1023
1023
1023
1023
1023
1023
1023
791
180
7
2
1
2
996
1023
1022
1023
1023
1023
1023
1023
1023
1023
1023
1023
1023
1023
1023
1023
1023
1023
1023
1023
1023
1021
973
983
967
981
991
999
1023
1023
1023
1023
1023
1023
1023
1023
1023
1023
1023
1023
1023
1023
1023
1023
1023
1023
1015
979
902
788
647
577
574
573
575
578
576
576
573
565
478
382
363
377
379
389
456
593
625
671
670
680
697
720
742
749
775
793
813
837
852
864
864
879
888
890
886
891
890
878
869
861
862
857
843
823
813
786
766
738
703
683
683
682
686
664
659
652
651
642
617
615
611
607
606
604
606
608
611
670
708
737
734
754
782
805
836
856
848
835
786
796
717
653
602
617
608
612
611
584
479
471
468
457
468
480
466
464
447
473
484
478
475
472
470
460
462
467
477
476
478
485
494
497
498
498
500
498
489
484
468
457
463
456
452
448
456
465
470
485
491
494
493
491
498
500
495
500
501
501
507
506
507
507
499
496
483
476
477
477
472
459
466
508
552
491
536
469
468
472
469
478
476
467
466
462
461
462
461
456
509
579
615
629
640
650
651
647
680
700
707
724
714
717
725
737
746
743
735
721
693
685
667
661
660
659
662
652
655
657
651
652
651
651
641
632
630
637
640
638
639
641
639
637
636
646
648
644
634
638
635
634
632
634
636
645
655
665
675
678
688
669
678
681
709
734
745
765
766
773
776
781
779
784
791
797
802
793
780
769
742
740
740
729
721
715
707
702
709
708
703
695
697
690
689
692
686
686
680
677
679
681
683
681
682
682
684
682
693
706
716
727
748
774
777
783
783
786
779
752
737
722
713
722
715
698
699
700
693
689
691
689
684
688
686
686
684
712
710
718
735
749
769
779
779
795
796
798
805
804
795
810
807
813
804
813
812
767
728
728
708
662
642
589
624
627
586
633
639
645
652
657
638
636
634
656
676
673
675
669
681
720
772
800
802
804
807
813
818
818
804
791
790
788
786
798
806
815
808
791
787
773
750
744
726
736
731
729
732
733
730
732
742
741
746
754
741
739
733
738
748
747
687
668
658
661
667
665
634
615
579
589
590
593
559
589
608
622
641
653
655
671
687
718
747
755
775
787
804
807
808
808
809
812
819
818
818
816
817
806
780
749
746
748
746
749
752
758
757
733
715
708
700
692
690
690
691
691
691
686
680
677
673
671
671
674
677
676
675
677
676
687
695
725
759
771
785
792
800
808
823
825
831
843
848
846
846
850
847
839
838
843
848
843
845
846
848
853
855
851
851
846
850
840
837
821
818
809
803
800
778
780
774
773
771
762
767
760
748
741
741
731
728
725
712
699
696
695
700
693
686
688
690
686
683
682
677
675
664
662
655
658
667
667
668
666
666
665
664
665
665
679
684
704
699
712
708
721
737
751
782
800
818
828
839
836
835
837
839
836
835
840
860
864
869
865
868
867
868
858
857
862
862
850
851
840
830
826
799
788
782
767
766
762
757
751
745
746
753
750
741
735
715
705
690
680
689
691
686
685
684
685
683
677
672
665
661
662
661
663
662
663
663
672
680
689
696
704
710
713
738
774
792
795
806
811
819
838
837
842
839
843
839
841
833
829
832
825
791
779
757
749
752
754
753
746
710
708
713
707
710
703
703
696
697
697
695
695
692
694
706
704
702
687
690
690
692
692
694
699
703
713
719
742
744
754
782
785
784
802
806
830
852
855
855
852
848
848
848
852
854
855
853
839
842
844
836
827
823
793
732
715
701
704
699
690
688
682
681
700
717
745
724
733
694
680
651
627
633
634
634
630
634
629
634
636
643
644
642
637
638
650
664
674
672
680
698
726
779
788
794
787
791
794
795
816
815
815
825
836
835
834
824
799
802
793
795
785
775
767
752
749
728
713
711
708
698
697
688
687
677
675
678
675
674
667
655
654
654
653
650
651
642
644
648
642
656
656
685
702
708
728
749
788
799
798
795
805
813
816
818
818
820
810
797
792
789
792
789
786
780
775
765
759
758
743
726
724
717
707
704
700
694
693
681
675
657
648
653
648
648
646
651
627
625
632
625
628
628
630
643
643
643
606
614
626
534
455
373
420
544
650
618
653
656
671
672
597
330
380
375
375
397
400
410
491
598
653
649
653
659
663
671
708
731
758
761
770
776
781
791
795
815
815
773
773
697
606
552
433
335
325
308
314
313
315
390
422
634
683
669
643
657
650
654
644
647
640
642
636
635
645
670
689
693
696
711
720
747
764
775
784
779
782
799
809
809
806
804
797
807
804
807
808
804
783
783
779
779
781
785
781
758
751
739
731
718
718
710
688
686
693
693
684
681
673
676
669
666
663
661
662
649
642
641
644
647
646
646
649
651
660
701
710
735
757
792
802
803
824
826
823
817
824
828
826
826
827
828
834
834
816
799
803
788
786
779
762
746
745
743
746
748
746
736
733
723
725
711
708
707
703
701
693
692
690
690
687
687
683
687
687
687
684
682
680
680
685
684
678
675
686
692
725
739
749
762
785
789
792
803
810
825
826
827
840
842
845
843
847
853
860
863
861
859
860
863
863
864
848
834
831
833
835
835
826
825
816
802
793
767
760
759
753
752
753
752
750
753
749
734
726
727
722
719
718
714
712
718
722
720
720
719
720
718
717
717
715
716
717
711
713
724
748
751
770
775
781
791
789
801
820
829
836
831
835
846
858
867
869
869
867
864
855
832
840
828
825
821
808
799
773
756
753
749
751
756
750
749
744
735
730
727
725
721
721
721
715
720
716
718
712
714
710
713
723
714
712
716
702
702
673
685
706
696
683
688
711
710
716
710
704
